
numberOfGroups 12;
capture    (0.00089717 0.00211101 0.00594496 0.0386515  0.13672    0.0195672
 0.0272766  0.0436021  0.0501665  0.0660286  0.0982406  0.169213  );
fission   (0.0142883  0.00598616 0.00086211 0.00754491 0.0218978  0.019335
 0.0516264  0.0949449  0.100661   0.142593   0.224978   0.388407  );
nu (2.90521 2.60334 2.44588 2.42543 2.4254  2.4254  2.4254  2.4254  2.4254
 2.4254  2.4254  2.42536);
chi (3.41108e-01 4.10571e-01 2.48129e-01 1.91170e-04 2.62820e-07 3.75457e-08
 1.25152e-08 0.00000e+00 0.00000e+00 0.00000e+00 0.00000e+00 0.00000e+00);
scatteringMultiplicity (1.00005 1.00335 1.01212 1.00435 1.      1.      1.      1.      1.
 1.      1.      1.      1.      1.      1.      1.      1.      1.
 1.      1.      1.      1.      1.      1.      1.      1.      1.
 1.      1.      1.      1.      1.      1.      1.      1.      1.
 1.      1.      1.      1.      1.      1.      1.      1.      1.
 1.      1.      1.      1.      1.      1.      1.      1.      1.
 1.      1.      1.      1.      1.      1.      1.      1.      1.
 1.      1.      1.      1.      1.      1.      1.      1.      1.
 1.      1.      1.      1.      1.      1.      1.      1.      1.
 1.      1.      1.      1.      1.      1.      1.      1.      1.
 1.      1.      1.      1.      1.      1.      1.      1.      1.
 1.      1.      1.      1.      1.      1.      1.      1.      1.
 1.      1.      1.      1.      1.      1.      1.      1.      1.
 1.      1.      1.      1.      1.      1.      1.      1.      1.
 1.      1.      1.      1.      1.      1.      1.      1.      1.
 1.      1.      1.      1.      1.      1.      1.      1.      1.     );
P0 ( 5.82590710e-02  6.92931000e-02  6.21146000e-02  1.79357000e-04
  1.31193000e-06  8.60279000e-08  0.00000000e+00  0.00000000e+00
  0.00000000e+00  0.00000000e+00  0.00000000e+00  0.00000000e+00
  0.00000000e+00  1.01268857e-01  1.68050000e-01  7.95303000e-04
  6.15950000e-06  4.91059000e-07  1.15998000e-08  0.00000000e+00
  7.73321000e-09  0.00000000e+00  0.00000000e+00  0.00000000e+00
  0.00000000e+00  0.00000000e+00  4.06719605e-01  1.01892000e-01
  8.05672000e-04  6.16752000e-05  5.00314000e-06  1.32054000e-06
  2.46578000e-06  1.50606000e-06  3.88565000e-07  2.89233000e-07
  0.00000000e+00  0.00000000e+00  0.00000000e+00  5.43262829e-01
  1.67837000e-01  1.26744000e-02  1.03107000e-03  2.62570000e-04
  5.23400000e-04  2.88020000e-04  8.43826000e-05  5.79186000e-05
  0.00000000e+00  0.00000000e+00  0.00000000e+00  5.44526000e-07
  2.87365255e-01  2.81261000e-01  2.24163000e-02  5.64806000e-03
  1.09908000e-02  5.74862000e-03  1.57815000e-03  1.03947000e-03
  0.00000000e+00  0.00000000e+00  0.00000000e+00  0.00000000e+00
  3.95901000e-04  2.45288129e-01  2.01880000e-01  4.77965000e-02
  9.23366000e-02  4.61700000e-02  1.19545000e-02  7.51917000e-03
  0.00000000e+00  0.00000000e+00  0.00000000e+00  0.00000000e+00
  0.00000000e+00  2.07609000e-02  5.62846000e-02  1.85432000e-01
  2.91473000e-01  1.36963000e-01  3.46150000e-02  2.13285000e-02
  0.00000000e+00  0.00000000e+00  0.00000000e+00  0.00000000e+00
  0.00000000e+00  2.78050000e-04  1.20560000e-01 -1.34420150e-01
  5.46300000e-01  2.20915000e-01  5.37180000e-02  3.21021000e-02
  0.00000000e+00  0.00000000e+00  0.00000000e+00  0.00000000e+00
  0.00000000e+00  4.87190000e-05  1.46381000e-02  5.96738000e-02
  3.51397781e-01  4.51562000e-01  9.94869000e-02  5.81052000e-02
  0.00000000e+00  0.00000000e+00  0.00000000e+00  0.00000000e+00
  0.00000000e+00  1.00612000e-05  2.51418000e-03  8.51842000e-03
  2.34250000e-01  7.20257739e-01  2.83909000e-01  1.36649000e-01
  0.00000000e+00  0.00000000e+00  0.00000000e+00  0.00000000e+00
  0.00000000e+00  4.53758000e-06  1.31599000e-03  4.41179000e-03
  1.05718000e-01  6.60268000e-01  7.29151082e-01  4.15912000e-01
  0.00000000e+00  0.00000000e+00  0.00000000e+00  0.00000000e+00
  0.00000000e+00  4.79588000e-06  1.32201000e-03  4.26371000e-03
  9.98349000e-02  5.03292000e-01  7.01422000e-01  1.69316058e+00);
//