
numberOfGroups 23;
capture    (0.00443901 0.0020965  0.00050178 0.0012974  0.00236135 0.00239742
 0.00256743 0.00831838 0.015475   0.0276667  0.08335    0.0273898
 0.165071   0.0160101  0.0149239  0.0187863  0.0149215  0.0210231
 0.0350918  0.0397354  0.0516274  0.0769236  0.130846  );
fission   (0.0190763  0.0121405  0.0118509  0.00940498 0.00122014 0.00057223
 0.00062138 0.00098864 0.00157474 0.00502204 0.0175666  0.0180711
 0.0187782  0.00941445 0.0157896  0.0417064  0.0286964  0.0474662
 0.0869827  0.0921267  0.130826   0.205802   0.348621  );
nu (3.48254 2.98826 2.74046 2.61249 2.53474 2.49265 2.45246 2.42937 2.42607
 2.42544 2.4254  2.4254  2.4254  2.4254  2.4254  2.4254  2.4254  2.4254
 2.4254  2.4254  2.4254  2.4254  2.42537);
chi (2.35175e-02 1.07384e-01 2.10411e-01 2.31713e-01 1.78948e-01 1.14954e-01
 1.17273e-01 1.54113e-02 2.00858e-04 1.86312e-04 1.10155e-06 2.50352e-08
 2.50352e-08 5.00705e-08 0.00000e+00 0.00000e+00 0.00000e+00 0.00000e+00
 0.00000e+00 0.00000e+00 0.00000e+00 0.00000e+00 0.00000e+00);
scatteringMultiplicity (1.      1.00002 1.01895 1.07629 1.16035 1.30129 1.52714 1.72634 1.75806
 1.88889 1.      1.      1.      1.      1.      1.      1.      1.
 1.      1.      1.      1.      1.      1.      1.      1.      1.
 1.      1.00001 1.00036 1.00211 1.02326 1.      1.      1.      1.
 1.      1.      1.      1.      1.      1.      1.      1.      1.
 1.      1.      1.      1.      1.      1.      1.      1.      1.
 1.      1.      1.      1.      1.      1.      1.      1.      1.
 1.      1.      1.      1.      1.      1.      1.      1.      1.
 1.      1.      1.      1.      1.      1.      1.      1.      1.
 1.      1.      1.      1.      1.      1.      1.      1.      1.
 1.      1.      1.      1.      1.      1.      1.      1.      1.
 1.      1.      1.      1.      1.      1.      1.      1.      1.
 1.      1.      1.      1.      1.      1.      1.      1.      1.
 1.      1.      1.      1.      1.      1.      1.      1.      1.
 1.      1.      1.      1.      1.      1.      1.      1.      1.
 1.      1.      1.      1.      1.      1.      1.      1.      1.
 1.      1.      1.      1.      1.      1.      1.      1.      1.
 1.      1.      1.      1.      1.      1.      1.      1.      1.
 1.      1.      1.      1.      1.      1.      1.      1.      1.
 1.      1.      1.      1.      1.      1.      1.      1.      1.
 1.      1.      1.      1.      1.      1.      1.      1.      1.
 1.      1.      1.      1.      1.      1.      1.      1.      1.
 1.      1.      1.      1.      1.      1.      1.      1.      1.
 1.      1.      1.      1.      1.      1.      1.      1.      1.
 1.      1.      1.      1.      1.      1.      1.      1.      1.
 1.      1.      1.      1.      1.      1.      1.      1.      1.
 1.      1.      1.      1.      1.      1.      1.      1.      1.
 1.      1.      1.      1.      1.      1.      1.      1.      1.
 1.      1.      1.      1.      1.      1.      1.      1.      1.
 1.      1.      1.      1.      1.      1.      1.      1.      1.
 1.      1.      1.      1.      1.      1.      1.      1.      1.
 1.      1.      1.      1.      1.      1.      1.      1.      1.
 1.      1.      1.      1.      1.      1.      1.      1.      1.
 1.      1.      1.      1.      1.      1.      1.      1.      1.
 1.      1.      1.      1.      1.      1.      1.      1.      1.
 1.      1.      1.      1.      1.      1.      1.      1.      1.
 1.      1.      1.      1.      1.      1.      1.      1.      1.
 1.      1.      1.      1.      1.      1.      1.      1.      1.
 1.      1.      1.      1.      1.      1.      1.      1.      1.
 1.      1.      1.      1.      1.      1.      1.      1.      1.
 1.      1.      1.      1.      1.      1.      1.      1.      1.
 1.      1.      1.      1.      1.      1.      1.      1.      1.
 1.      1.      1.      1.      1.      1.      1.      1.      1.
 1.      1.      1.      1.      1.      1.      1.      1.      1.
 1.      1.      1.      1.      1.      1.      1.      1.      1.
 1.      1.      1.      1.      1.      1.      1.      1.      1.
 1.      1.      1.      1.      1.      1.      1.      1.      1.
 1.      1.      1.      1.      1.      1.      1.      1.      1.
 1.      1.      1.      1.      1.      1.      1.      1.      1.
 1.      1.      1.      1.      1.      1.      1.      1.      1.
 1.      1.      1.      1.      1.      1.      1.      1.      1.
 1.      1.      1.      1.      1.      1.      1.      1.      1.
 1.      1.      1.      1.      1.      1.      1.      1.      1.
 1.      1.      1.      1.      1.      1.      1.      1.      1.
 1.      1.      1.      1.      1.      1.      1.      1.      1.
 1.      1.      1.      1.      1.      1.      1.      1.      1.
 1.      1.      1.      1.      1.      1.      1.      1.      1.
 1.      1.      1.      1.      1.      1.      1.      1.      1.
 1.      1.      1.      1.      1.      1.      1.     );
P0 (2.70111310e-02 1.90342000e-02 4.62705000e-03 9.70294000e-03
 1.14312000e-02 8.50867000e-03 9.45124000e-03 1.19668000e-03
 1.07032000e-05 1.08758000e-05 0.00000000e+00 0.00000000e+00
 0.00000000e+00 0.00000000e+00 0.00000000e+00 0.00000000e+00
 0.00000000e+00 0.00000000e+00 0.00000000e+00 0.00000000e+00
 0.00000000e+00 0.00000000e+00 0.00000000e+00 0.00000000e+00
 4.81341729e-02 2.50326000e-02 7.90397000e-03 1.16981000e-02
 1.16992000e-02 1.45492000e-02 1.30525000e-03 6.76865000e-06
 3.62044000e-06 1.18058000e-07 0.00000000e+00 0.00000000e+00
 0.00000000e+00 0.00000000e+00 0.00000000e+00 0.00000000e+00
 0.00000000e+00 0.00000000e+00 0.00000000e+00 0.00000000e+00
 0.00000000e+00 0.00000000e+00 0.00000000e+00 0.00000000e+00
 6.81844098e-02 1.60964000e-02 1.22598000e-02 1.38710000e-02
 2.03863000e-02 1.82749000e-03 1.14389000e-05 6.46467000e-06
 1.86302000e-08 0.00000000e+00 0.00000000e+00 0.00000000e+00
 0.00000000e+00 0.00000000e+00 0.00000000e+00 0.00000000e+00
 0.00000000e+00 0.00000000e+00 0.00000000e+00 0.00000000e+00
 0.00000000e+00 0.00000000e+00 0.00000000e+00 0.00000000e+00
 8.78203306e-02 3.29419000e-02 1.53356000e-02 2.30831000e-02
 2.67629000e-03 2.16748000e-05 1.66539000e-05 5.30378000e-08
 0.00000000e+00 1.76793000e-08 0.00000000e+00 0.00000000e+00
 0.00000000e+00 0.00000000e+00 0.00000000e+00 0.00000000e+00
 0.00000000e+00 0.00000000e+00 0.00000000e+00 0.00000000e+00
 0.00000000e+00 0.00000000e+00 0.00000000e+00 0.00000000e+00
 1.67580453e-01 5.63815000e-02 1.77870000e-02 2.89849000e-03
 3.64354000e-05 3.52390000e-05 3.92583000e-07 0.00000000e+00
 0.00000000e+00 0.00000000e+00 0.00000000e+00 0.00000000e+00
 0.00000000e+00 0.00000000e+00 0.00000000e+00 0.00000000e+00
 0.00000000e+00 0.00000000e+00 0.00000000e+00 0.00000000e+00
 0.00000000e+00 0.00000000e+00 0.00000000e+00 0.00000000e+00
 1.96556852e-01 3.31674000e-02 1.36631000e-03 1.49518000e-05
 8.80547000e-06 3.18462000e-08 0.00000000e+00 0.00000000e+00
 0.00000000e+00 0.00000000e+00 0.00000000e+00 0.00000000e+00
 0.00000000e+00 0.00000000e+00 0.00000000e+00 0.00000000e+00
 0.00000000e+00 0.00000000e+00 0.00000000e+00 0.00000000e+00
 0.00000000e+00 0.00000000e+00 0.00000000e+00 0.00000000e+00
 3.44565032e-01 1.30494000e-02 1.10762000e-06 6.44596000e-07
 9.07882000e-09 0.00000000e+00 0.00000000e+00 0.00000000e+00
 0.00000000e+00 0.00000000e+00 0.00000000e+00 0.00000000e+00
 0.00000000e+00 0.00000000e+00 0.00000000e+00 0.00000000e+00
 0.00000000e+00 0.00000000e+00 0.00000000e+00 0.00000000e+00
 0.00000000e+00 0.00000000e+00 0.00000000e+00 0.00000000e+00
 4.14660345e-01 7.40081000e-03 3.27812000e-05 4.20542000e-08
 0.00000000e+00 0.00000000e+00 0.00000000e+00 0.00000000e+00
 0.00000000e+00 0.00000000e+00 0.00000000e+00 0.00000000e+00
 0.00000000e+00 0.00000000e+00 0.00000000e+00 0.00000000e+00
 0.00000000e+00 0.00000000e+00 0.00000000e+00 0.00000000e+00
 0.00000000e+00 0.00000000e+00 0.00000000e+00 0.00000000e+00
 4.12268060e-01 4.40602000e-02 0.00000000e+00 0.00000000e+00
 0.00000000e+00 0.00000000e+00 0.00000000e+00 0.00000000e+00
 0.00000000e+00 0.00000000e+00 0.00000000e+00 0.00000000e+00
 0.00000000e+00 0.00000000e+00 0.00000000e+00 0.00000000e+00
 0.00000000e+00 0.00000000e+00 0.00000000e+00 0.00000000e+00
 0.00000000e+00 0.00000000e+00 0.00000000e+00 0.00000000e+00
 4.56237500e-01 5.67276000e-03 0.00000000e+00 0.00000000e+00
 0.00000000e+00 0.00000000e+00 0.00000000e+00 0.00000000e+00
 0.00000000e+00 0.00000000e+00 0.00000000e+00 0.00000000e+00
 0.00000000e+00 0.00000000e+00 0.00000000e+00 0.00000000e+00
 0.00000000e+00 0.00000000e+00 0.00000000e+00 0.00000000e+00
 0.00000000e+00 0.00000000e+00 0.00000000e+00 0.00000000e+00
 4.42282360e-01 8.73704000e-03 0.00000000e+00 0.00000000e+00
 0.00000000e+00 0.00000000e+00 0.00000000e+00 0.00000000e+00
 0.00000000e+00 0.00000000e+00 0.00000000e+00 0.00000000e+00
 0.00000000e+00 0.00000000e+00 0.00000000e+00 0.00000000e+00
 0.00000000e+00 0.00000000e+00 0.00000000e+00 0.00000000e+00
 0.00000000e+00 0.00000000e+00 0.00000000e+00 1.62762000e-04
 2.96465838e-01 4.49955000e-02 0.00000000e+00 0.00000000e+00
 0.00000000e+00 0.00000000e+00 0.00000000e+00 0.00000000e+00
 0.00000000e+00 0.00000000e+00 0.00000000e+00 0.00000000e+00
 0.00000000e+00 0.00000000e+00 0.00000000e+00 0.00000000e+00
 0.00000000e+00 0.00000000e+00 0.00000000e+00 0.00000000e+00
 0.00000000e+00 0.00000000e+00 0.00000000e+00 2.81412000e-04
 3.31345388e-01 2.71680000e-02 0.00000000e+00 0.00000000e+00
 0.00000000e+00 0.00000000e+00 0.00000000e+00 0.00000000e+00
 0.00000000e+00 0.00000000e+00 0.00000000e+00 0.00000000e+00
 0.00000000e+00 0.00000000e+00 0.00000000e+00 0.00000000e+00
 0.00000000e+00 0.00000000e+00 0.00000000e+00 0.00000000e+00
 0.00000000e+00 0.00000000e+00 0.00000000e+00 7.13498000e-04
 3.14779529e-01 2.88767000e-02 1.24724000e-05 2.25017000e-06
 0.00000000e+00 0.00000000e+00 0.00000000e+00 0.00000000e+00
 0.00000000e+00 0.00000000e+00 0.00000000e+00 0.00000000e+00
 0.00000000e+00 0.00000000e+00 0.00000000e+00 0.00000000e+00
 0.00000000e+00 0.00000000e+00 0.00000000e+00 0.00000000e+00
 0.00000000e+00 0.00000000e+00 0.00000000e+00 2.78213000e-03
 3.07016549e-01 2.06358000e-02 2.13902000e-02 6.78208000e-05
 0.00000000e+00 0.00000000e+00 0.00000000e+00 0.00000000e+00
 0.00000000e+00 0.00000000e+00 0.00000000e+00 0.00000000e+00
 0.00000000e+00 0.00000000e+00 0.00000000e+00 0.00000000e+00
 0.00000000e+00 0.00000000e+00 0.00000000e+00 0.00000000e+00
 0.00000000e+00 0.00000000e+00 0.00000000e+00 3.34083000e-02
 1.67353600e-01 1.51920000e-01 1.28740000e-03 0.00000000e+00
 0.00000000e+00 0.00000000e+00 0.00000000e+00 0.00000000e+00
 0.00000000e+00 0.00000000e+00 0.00000000e+00 0.00000000e+00
 0.00000000e+00 0.00000000e+00 0.00000000e+00 0.00000000e+00
 0.00000000e+00 0.00000000e+00 0.00000000e+00 0.00000000e+00
 0.00000000e+00 0.00000000e+00 5.65583000e-04 5.33998000e-03
 2.99791857e-01 4.81386000e-02 2.62323000e-04 2.17569000e-05
 0.00000000e+00 0.00000000e+00 0.00000000e+00 0.00000000e+00
 0.00000000e+00 0.00000000e+00 0.00000000e+00 0.00000000e+00
 0.00000000e+00 0.00000000e+00 0.00000000e+00 0.00000000e+00
 0.00000000e+00 0.00000000e+00 0.00000000e+00 0.00000000e+00
 0.00000000e+00 0.00000000e+00 1.45054000e-07 8.29787000e-03
 3.03042701e-01 3.50940000e-02 1.00876000e-02 5.83841000e-05
 0.00000000e+00 0.00000000e+00 0.00000000e+00 0.00000000e+00
 0.00000000e+00 0.00000000e+00 0.00000000e+00 0.00000000e+00
 0.00000000e+00 0.00000000e+00 0.00000000e+00 0.00000000e+00
 0.00000000e+00 0.00000000e+00 0.00000000e+00 0.00000000e+00
 0.00000000e+00 0.00000000e+00 3.89095000e-06 3.66522000e-02
 2.28790455e-01 9.14197000e-02 1.32183000e-03 3.11276000e-06
 3.11276000e-07 0.00000000e+00 0.00000000e+00 0.00000000e+00
 0.00000000e+00 0.00000000e+00 0.00000000e+00 0.00000000e+00
 0.00000000e+00 0.00000000e+00 0.00000000e+00 0.00000000e+00
 0.00000000e+00 0.00000000e+00 0.00000000e+00 0.00000000e+00
 0.00000000e+00 1.62878000e-07 1.06760000e-03 1.24120000e-02
 2.98166477e-01 4.59834000e-02 7.11420000e-04 3.98400000e-05
 0.00000000e+00 0.00000000e+00 0.00000000e+00 0.00000000e+00
 0.00000000e+00 0.00000000e+00 0.00000000e+00 0.00000000e+00
 0.00000000e+00 0.00000000e+00 0.00000000e+00 0.00000000e+00
 0.00000000e+00 0.00000000e+00 0.00000000e+00 0.00000000e+00
 0.00000000e+00 2.73866000e-06 6.96836000e-05 2.81981000e-02
 2.99200908e-01 2.94565000e-02 3.22167000e-03 0.00000000e+00
 0.00000000e+00 0.00000000e+00 0.00000000e+00 0.00000000e+00
 0.00000000e+00 0.00000000e+00 0.00000000e+00 0.00000000e+00
 0.00000000e+00 0.00000000e+00 0.00000000e+00 0.00000000e+00
 0.00000000e+00 0.00000000e+00 0.00000000e+00 0.00000000e+00
 0.00000000e+00 1.89261000e-07 9.54444000e-04 7.32058000e-02
 2.47148167e-01 4.30078000e-02 0.00000000e+00 0.00000000e+00
 0.00000000e+00 0.00000000e+00 0.00000000e+00 0.00000000e+00
 0.00000000e+00 0.00000000e+00 0.00000000e+00 0.00000000e+00
 0.00000000e+00 0.00000000e+00 0.00000000e+00 0.00000000e+00
 0.00000000e+00 0.00000000e+00 0.00000000e+00 0.00000000e+00
 0.00000000e+00 9.11114000e-05 1.36063000e-02 7.63501000e-02
 2.89278489e-01);
//