
numberOfGroups 23;
capture    (2.42630e-03 1.11395e-03 9.99237e-06 4.03574e-06 4.02896e-06 4.71904e-06
 5.58713e-06 1.23933e-05 2.82644e-05 9.13693e-05 3.64892e-04 6.99990e-04
 9.94099e-04 1.51088e-03 2.07868e-03 2.40726e-03 2.78186e-03 3.64974e-03
 4.43349e-03 5.67879e-03 8.19363e-03 1.18997e-02 1.98143e-02);
scatteringMultiplicity (1. 1. 1. 1. 1. 1. 1. 1. 1. 1. 1. 1. 1. 1. 1. 1. 1. 1. 1. 1. 1. 1. 1. 1.
 1. 1. 1. 1. 1. 1. 1. 1. 1. 1. 1. 1. 1. 1. 1. 1. 1. 1. 1. 1. 1. 1. 1. 1.
 1. 1. 1. 1. 1. 1. 1. 1. 1. 1. 1. 1. 1. 1. 1. 1. 1. 1. 1. 1. 1. 1. 1. 1.
 1. 1. 1. 1. 1. 1. 1. 1. 1. 1. 1. 1. 1. 1. 1. 1. 1. 1. 1. 1. 1. 1. 1. 1.
 1. 1. 1. 1. 1. 1. 1. 1. 1. 1. 1. 1. 1. 1. 1. 1. 1. 1. 1. 1. 1. 1. 1. 1.
 1. 1. 1. 1. 1. 1. 1. 1. 1. 1. 1. 1. 1. 1. 1. 1. 1. 1. 1. 1. 1. 1. 1. 1.
 1. 1. 1. 1. 1. 1. 1. 1. 1. 1. 1. 1. 1. 1. 1. 1. 1. 1. 1. 1. 1. 1. 1. 1.
 1. 1. 1. 1. 1. 1. 1. 1. 1. 1. 1. 1. 1. 1. 1. 1. 1. 1. 1. 1. 1. 1. 1. 1.
 1. 1. 1. 1. 1. 1. 1. 1. 1. 1. 1. 1. 1. 1. 1. 1. 1. 1. 1. 1. 1. 1. 1. 1.
 1. 1. 1. 1. 1. 1. 1. 1. 1. 1. 1. 1. 1. 1. 1. 1. 1. 1. 1. 1. 1. 1. 1. 1.
 1. 1. 1. 1. 1. 1. 1. 1. 1. 1. 1. 1. 1. 1. 1. 1. 1. 1. 1. 1. 1. 1. 1. 1.
 1. 1. 1. 1. 1. 1. 1. 1. 1. 1. 1. 1. 1. 1. 1. 1. 1. 1. 1. 1. 1. 1. 1. 1.
 1. 1. 1. 1. 1. 1. 1. 1. 1. 1. 1. 1. 1. 1. 1. 1. 1. 1. 1. 1. 1. 1. 1. 1.
 1. 1. 1. 1. 1. 1. 1. 1. 1. 1. 1. 1. 1. 1. 1. 1. 1. 1. 1. 1. 1. 1. 1. 1.
 1. 1. 1. 1. 1. 1. 1. 1. 1. 1. 1. 1. 1. 1. 1. 1. 1. 1. 1. 1. 1. 1. 1. 1.
 1. 1. 1. 1. 1. 1. 1. 1. 1. 1. 1. 1. 1. 1. 1. 1. 1. 1. 1. 1. 1. 1. 1. 1.
 1. 1. 1. 1. 1. 1. 1. 1. 1. 1. 1. 1. 1. 1. 1. 1. 1. 1. 1. 1. 1. 1. 1. 1.
 1. 1. 1. 1. 1. 1. 1. 1. 1. 1. 1. 1. 1. 1. 1. 1. 1. 1. 1. 1. 1. 1. 1. 1.
 1. 1. 1. 1. 1. 1. 1. 1. 1. 1. 1. 1. 1. 1. 1. 1. 1. 1. 1. 1. 1. 1. 1. 1.
 1. 1. 1. 1. 1. 1. 1. 1. 1. 1. 1. 1. 1. 1. 1. 1. 1. 1. 1. 1. 1. 1. 1. 1.
 1. 1. 1. 1. 1. 1. 1. 1. 1. 1. 1. 1. 1. 1. 1. 1. 1. 1. 1. 1. 1. 1. 1. 1.
 1. 1. 1. 1. 1. 1. 1. 1. 1. 1. 1. 1. 1. 1. 1. 1. 1. 1. 1. 1. 1. 1. 1. 1.
 1.);
P0 ( 6.63951494e-03  2.73895000e-02  1.24487000e-02  8.37303000e-03
  5.45104000e-03  3.33253000e-03  3.87952000e-03  9.16600000e-04
  3.11249000e-05  4.61110000e-05  1.58506000e-06  0.00000000e+00
  0.00000000e+00  0.00000000e+00  1.44097000e-07  0.00000000e+00
  0.00000000e+00  0.00000000e+00  0.00000000e+00  0.00000000e+00
  0.00000000e+00  0.00000000e+00  0.00000000e+00  0.00000000e+00
  1.18910618e-02  3.72225000e-02  1.60756000e-02  9.78318000e-03
  5.93878000e-03  7.17591000e-03  1.88055000e-03  6.68140000e-05
  9.93780000e-05  2.67785000e-06  3.30599000e-08  1.32240000e-07
  3.30599000e-08  0.00000000e+00  0.00000000e+00  0.00000000e+00
  0.00000000e+00  0.00000000e+00  0.00000000e+00  0.00000000e+00
  0.00000000e+00  0.00000000e+00  0.00000000e+00  0.00000000e+00
  1.17723223e-02  4.06566000e-02  2.19676000e-02  1.32782000e-02
  1.61489000e-02  4.21856000e-03  1.49137000e-04  2.21699000e-04
  5.45623000e-06  1.72467000e-07  1.88146000e-07  9.40729000e-08
  1.56788000e-08  0.00000000e+00  3.13576000e-08  3.13576000e-08
  0.00000000e+00  0.00000000e+00  0.00000000e+00  0.00000000e+00
  0.00000000e+00  0.00000000e+00  0.00000000e+00  0.00000000e+00
 -5.60010928e-03  5.83123000e-02  2.80919000e-02  3.41101000e-02
  8.93241000e-03  3.14660000e-04  4.71497000e-04  1.17292000e-05
  5.96907000e-07  5.52139000e-07  1.19381000e-07  1.04459000e-07
  0.00000000e+00  2.98454000e-08  1.49227000e-08  2.98454000e-08
  2.98454000e-08  0.00000000e+00  0.00000000e+00  0.00000000e+00
  0.00000000e+00  0.00000000e+00  0.00000000e+00  0.00000000e+00
 -3.56713106e-04  8.55521000e-02  7.37854000e-02  1.93439000e-02
  6.78136000e-04  1.01847000e-03  2.36487000e-05  1.17371000e-06
  1.11027000e-06  4.28246000e-07  1.11027000e-07  1.58610000e-08
  7.93049000e-08  6.34439000e-08  1.58610000e-08  3.17220000e-08
  0.00000000e+00  0.00000000e+00  0.00000000e+00  0.00000000e+00
  0.00000000e+00  0.00000000e+00  0.00000000e+00  0.00000000e+00
 -1.14141371e-02  1.66905000e-01  4.02682000e-02  1.41062000e-03
  2.11931000e-03  5.09197000e-05  2.47959000e-06  2.37119000e-06
  8.67180000e-07  2.57444000e-07  1.35497000e-08  1.62596000e-07
  1.21947000e-07  4.06491000e-08  5.41987000e-08  0.00000000e+00
  0.00000000e+00  0.00000000e+00  0.00000000e+00  0.00000000e+00
  0.00000000e+00  0.00000000e+00  0.00000000e+00  0.00000000e+00
  3.89275376e-02  2.04895000e-01  7.01702000e-03  1.05374000e-02
  2.60200000e-04  1.22089000e-05  1.17910000e-05  3.79865000e-06
  1.48147000e-06  1.82335000e-07  7.14146000e-07  4.71032000e-07
  1.21557000e-07  2.65905000e-07  1.51946000e-07  3.79865000e-08
  3.03892000e-08  0.00000000e+00  0.00000000e+00  0.00000000e+00
  0.00000000e+00  0.00000000e+00  0.00000000e+00  0.00000000e+00
  5.62373080e-02  1.13050000e-01  1.64117000e-01  4.04484000e-03
  1.85575000e-04  1.76440000e-04  6.54681000e-05  2.28840000e-05
  2.38375000e-06  1.23700000e-05  8.60705000e-06  2.23051000e-06
  4.09495000e-06  2.44335000e-06  5.87425000e-07  3.74590000e-07
  0.00000000e+00  0.00000000e+00  0.00000000e+00  0.00000000e+00
  0.00000000e+00  0.00000000e+00  0.00000000e+00  0.00000000e+00
 -3.56949013e-01  7.21605000e-01  1.72770000e-02  8.01357000e-04
  7.67252000e-04  2.78173000e-04  9.70311000e-05  1.06708000e-05
  4.98494000e-05  3.62494000e-05  8.42157000e-06  1.87262000e-05
  9.41542000e-06  2.45847000e-06  2.14462000e-06  0.00000000e+00
  0.00000000e+00  0.00000000e+00  0.00000000e+00  0.00000000e+00
  0.00000000e+00  0.00000000e+00  0.00000000e+00  0.00000000e+00
  1.40007844e-01  2.23433000e-01  1.01232000e-02  9.77198000e-03
  3.56485000e-03  1.26566000e-03  1.29156000e-04  6.55086000e-04
  4.57455000e-04  1.17047000e-04  2.28941000e-04  1.27882000e-04
  3.77994000e-05  2.57298000e-05  0.00000000e+00  0.00000000e+00
  0.00000000e+00  0.00000000e+00  0.00000000e+00  0.00000000e+00
  0.00000000e+00  0.00000000e+00  0.00000000e+00  6.12644000e-08
 -7.48555264e-04  1.44081000e-01  1.34853000e-01  4.92688000e-02
  1.73966000e-02  1.76918000e-03  9.04000000e-03  6.31126000e-03
  1.59623000e-03  3.18884000e-03  1.77189000e-03  5.14606000e-04
  3.48196000e-04  0.00000000e+00  0.00000000e+00  0.00000000e+00
  0.00000000e+00  0.00000000e+00  0.00000000e+00  0.00000000e+00
  0.00000000e+00  0.00000000e+00  0.00000000e+00  2.96219000e-05
 -3.82235942e-01  4.74390000e-01  1.65244000e-01  5.82882000e-02
  5.87872000e-03  3.04224000e-02  2.11192000e-02  5.37011000e-03
  1.07049000e-02  5.91972000e-03  1.73899000e-03  1.18709000e-03
  0.00000000e+00  0.00000000e+00  0.00000000e+00  0.00000000e+00
  0.00000000e+00  0.00000000e+00  0.00000000e+00  0.00000000e+00
  0.00000000e+00  0.00000000e+00  0.00000000e+00  4.99553000e-05
 -2.84750004e-01  3.49480000e-01  1.18989000e-01  1.20876000e-02
  6.20598000e-02  4.29070000e-02  1.07917000e-02  2.05771000e-02
  1.02376000e-02  2.66162000e-03  1.70153000e-03  0.00000000e+00
  0.00000000e+00  0.00000000e+00  0.00000000e+00  0.00000000e+00
  0.00000000e+00  0.00000000e+00  0.00000000e+00  0.00000000e+00
  0.00000000e+00  0.00000000e+00  0.00000000e+00  3.15415000e-04
 -2.39746855e-01  2.87682000e-01  2.76912000e-02  1.42044000e-01
  9.84220000e-02  2.46801000e-02  4.72880000e-02  2.36491000e-02
  6.18859000e-03  3.87757000e-03  0.00000000e+00  0.00000000e+00
  0.00000000e+00  0.00000000e+00  0.00000000e+00  0.00000000e+00
  0.00000000e+00  0.00000000e+00  0.00000000e+00  0.00000000e+00
  0.00000000e+00  0.00000000e+00  0.00000000e+00  2.18503000e-03
 -2.95139330e-01  6.26964000e-02  2.77876000e-01  1.85305000e-01
  4.67302000e-02  8.95566000e-02  4.46802000e-02  1.16082000e-02
  7.31602000e-03  0.00000000e+00  0.00000000e+00  0.00000000e+00
  0.00000000e+00  0.00000000e+00  0.00000000e+00  0.00000000e+00
  0.00000000e+00  0.00000000e+00  0.00000000e+00  0.00000000e+00
  0.00000000e+00  0.00000000e+00  0.00000000e+00  3.53975000e-02
 -5.48335870e-01  4.35866000e-01  2.46539000e-01  6.16715000e-02
  1.18500000e-01  5.92260000e-02  1.53606000e-02  9.64101000e-03
  0.00000000e+00  0.00000000e+00  0.00000000e+00  0.00000000e+00
  0.00000000e+00  0.00000000e+00  0.00000000e+00  0.00000000e+00
  0.00000000e+00  0.00000000e+00  0.00000000e+00  0.00000000e+00
  0.00000000e+00  0.00000000e+00  1.38893000e-03  6.08858000e-03
 -2.63018770e-01  3.61077000e-01  8.19022000e-02  1.59591000e-01
  8.02164000e-02  2.06756000e-02  1.29442000e-02  0.00000000e+00
  0.00000000e+00  0.00000000e+00  0.00000000e+00  0.00000000e+00
  0.00000000e+00  0.00000000e+00  0.00000000e+00  0.00000000e+00
  0.00000000e+00  0.00000000e+00  0.00000000e+00  0.00000000e+00
  0.00000000e+00  7.94826000e-07  3.06576000e-06  1.63520000e-02
 -1.49553801e-01  1.78004000e-01  2.93651000e-01  1.37818000e-01
  3.47925000e-02  2.14007000e-02  0.00000000e+00  0.00000000e+00
  0.00000000e+00  0.00000000e+00  0.00000000e+00  0.00000000e+00
  0.00000000e+00  0.00000000e+00  0.00000000e+00  0.00000000e+00
  0.00000000e+00  0.00000000e+00  0.00000000e+00  0.00000000e+00
  0.00000000e+00  0.00000000e+00  2.78769000e-04  1.03841000e-01
 -2.99823259e-01  5.23587000e-01  2.21330000e-01  5.37687000e-02
  3.22813000e-02  0.00000000e+00  0.00000000e+00  0.00000000e+00
  0.00000000e+00  0.00000000e+00  0.00000000e+00  0.00000000e+00
  0.00000000e+00  0.00000000e+00  0.00000000e+00  0.00000000e+00
  0.00000000e+00  0.00000000e+00  0.00000000e+00  0.00000000e+00
  0.00000000e+00  4.61476000e-05  1.41304000e-02  5.25545000e-02
  1.58079562e-01  4.47010000e-01  1.00740000e-01  5.88606000e-02
  0.00000000e+00  0.00000000e+00  0.00000000e+00  0.00000000e+00
  0.00000000e+00  0.00000000e+00  0.00000000e+00  0.00000000e+00
  0.00000000e+00  0.00000000e+00  0.00000000e+00  0.00000000e+00
  0.00000000e+00  0.00000000e+00  0.00000000e+00  0.00000000e+00
  9.51008000e-06  2.49100000e-03  8.42400000e-03  2.23117000e-01
  5.23816860e-01  2.79289000e-01  1.37879000e-01  0.00000000e+00
  0.00000000e+00  0.00000000e+00  0.00000000e+00  0.00000000e+00
  0.00000000e+00  0.00000000e+00  0.00000000e+00  0.00000000e+00
  0.00000000e+00  0.00000000e+00  0.00000000e+00  0.00000000e+00
  0.00000000e+00  0.00000000e+00  0.00000000e+00  5.81737000e-06
  1.34480000e-03  4.38777000e-03  1.05756000e-01  6.36468000e-01
  5.44302913e-01  4.04635000e-01  0.00000000e+00  0.00000000e+00
  0.00000000e+00  0.00000000e+00  0.00000000e+00  0.00000000e+00
  0.00000000e+00  0.00000000e+00  0.00000000e+00  0.00000000e+00
  0.00000000e+00  0.00000000e+00  0.00000000e+00  0.00000000e+00
  0.00000000e+00  0.00000000e+00  4.95888000e-06  1.34189000e-03
  4.30541000e-03  1.00428000e-01  5.05854000e-01  6.74182000e-01
  1.50336944e+00);
//